$⁚ltm⁚link_score⁚alt[a1]→growth[0] 0.000000000000e0 6.666666666667e-1 6.600660066007e-1 6.535306996046e-1 6.470600986184e-1 6.406535629885e-1
$⁚ltm⁚link_score⁚alt[a1]→growth[1] 0.000000000000e0 1.000000000000e0 1.000000000000e0 1.000000000000e0 1.000000000000e0 1.000000000000e0
$⁚ltm⁚link_score⁚alt[a1]→growth[2] 0.000000000000e0 0.000000000000e0 0.000000000000e0 0.000000000000e0 0.000000000000e0 0.000000000000e0
$⁚ltm⁚link_score⁚growth→pop[0] 0.000000000000e0 1.000000000000e0 1.000000000000e0 1.000000000000e0 1.000000000000e0 1.000000000000e0
$⁚ltm⁚link_score⁚growth→pop[1] 0.000000000000e0 1.000000000000e0 1.000000000000e0 1.000000000000e0 1.000000000000e0 1.000000000000e0
$⁚ltm⁚link_score⁚growth→pop[2] 0.000000000000e0 0.000000000000e0 0.000000000000e0 0.000000000000e0 0.000000000000e0 0.000000000000e0
$⁚ltm⁚link_score⁚pop[boston]→pop_total[0] 0.000000000000e0 1.578947368421e-1 1.649162354629e-1 1.715697797158e-1 1.778798792994e-1 1.838689119179e-1
$⁚ltm⁚link_score⁚pop[la]→pop_total[0] 0.000000000000e0 3.157894736842e-1 3.073927967621e-1 2.993785051921e-1 2.917210936525e-1 2.843972770067e-1
$⁚ltm⁚link_score⁚pop[nyc]→growth[0] 0.000000000000e0 1.000000000000e0 1.000000000000e0 1.000000000000e0 1.000000000000e0 1.000000000000e0
$⁚ltm⁚link_score⁚pop[nyc]→growth[1] 0.000000000000e0 0.000000000000e0 0.000000000000e0 0.000000000000e0 0.000000000000e0 0.000000000000e0
$⁚ltm⁚link_score⁚pop[nyc]→growth[2] 0.000000000000e0 0.000000000000e0 0.000000000000e0 0.000000000000e0 0.000000000000e0 0.000000000000e0
$⁚ltm⁚link_score⁚pop[nyc]→pop_total[0] 0.000000000000e0 5.263157894737e-1 5.276909677750e-1 5.290517150920e-1 5.303990270480e-1 5.317338110755e-1
$⁚ltm⁚link_score⁚pop_total→alt[a1][0] 0.000000000000e0 1.000000000000e0 1.000000000000e0 1.000000000000e0 1.000000000000e0 1.000000000000e0
$⁚ltm⁚link_score⁚pop_total→alt[a2][0] 0.000000000000e0 1.000000000000e0 1.000000000000e0 1.000000000000e0 1.000000000000e0 1.000000000000e0
$⁚ltm⁚loop_score⁚r1[0] 0.000000000000e0 1.578947368421e-1 1.649162354629e-1 1.715697797158e-1 1.778798792994e-1 1.838689119179e-1
$⁚ltm⁚loop_score⁚r2[0] 0.000000000000e0 1.000000000000e0 1.000000000000e0 1.000000000000e0 1.000000000000e0 1.000000000000e0
$⁚ltm⁚net⁚pop[0] 1.000000000000e-1 1.030000000000e-1 1.060300000000e-1 1.090903000000e-1 1.121812030000e-1 1.153030150300e-1
$⁚ltm⁚net⁚pop[1] 3.000000000000e-2 3.219000000000e-2 3.438519000000e-2 3.658560519000e-2 3.879128109519e-2 4.100225357929e-2
$⁚ltm⁚net⁚pop[2] 6.000000000000e-2 6.000000000000e-2 6.000000000000e-2 6.000000000000e-2 6.000000000000e-2 6.000000000000e-2
